1
3
0 0 K
3
2 2 K
10
W
3
0 0 k
3
3 4 k
10
W
3
7 7 K
10
W
4
5 5
4
0 0
4
7 7
4
9 3
1
3
0 0 r
3
0 1 n
3
0 2 b
3
0 3 q
3
0 4 k
3
1 7 p
3
7 0 R
3
7 1 N
3
7 2 B
3
7 3 Q
3
7 4 K
3
6 7 P
7
W
7
B
5
0 1 2 0
6
5
7 0 0 0
6
5
7 3 0 3
5
1 7 2 7
5
0 4 0 3
2
Kq--k---
5
0 0 0 1
2
K-qrk--K---
2
rnbkq---Q-----k---P-K---
2
k--------Q--------K-----
10
W
2
K---r------r---k--------
10
B
2
K---r------r---k-Q------
10
B
10
W
2
-N-b----------nrR-----n---Ppk--rK--N--qR------------PQ--B------B
10
W
10
B
2
----------pQ---rP-Kp-------p--pp--P----P-p-n---pk-----------N---
8
0 0
8
7 4
8
3 3
8
3 7
2
---r-k---q-P--b--------Q----p--p-p-------B---P--PPP------K-R----
11
W W 0 1
5
2 7 2 3
9
2 3
9
0 5
9
2 7
9
-1 3
2
-r-----rppp-k------pPpQp-----------pP-----------P----PPP------K-
11
W W 0 1
11
W W 0 2
5
2 6 1 6
11
B W 1 2
5
1 6 2 6
5
2 6 1 5
11
B W 1 2
2
r----r-kp-----Rp-p---pb---P----N--B-----P-------------PPB--n--K-
11
W W 0 3
2
--------------------------k-------P-------N-------N---Q----K----
11
W W 0 3
2
-------k----K-pp-------N--------------------------------B-------
11
W W 0 3
2
-----------------------------K-k-----B--------P-------P-----b---
11
W W 0 3
2
------------------K---------kP-----N-----------Q----------R-----
11
W W 0 3
2
------------------P-Q------P---R---k--------------K-------------
11
W W 0 3
99
